(*The amount of Ammonia measured for certain Annual Perrenial grass in California from March 1999 to June 2002 *)
(*NH4 pool mg,kg *)
3.713
1.598
3.800
2.524
2.557
2.798
1.822
4.082
0.768
2.922
2.741
1.703
4.439
1.032
2.260
1.127
1.061
2.686
3.607
3.209
4.408
2.534
1.299
1.777
5.146
2.427
3.632
3.140
2.605
2.280
2.158
2.990
7.687
4.918
6.038
4.261
2.914
2.093
4.963
4.675
5.383
5.078
3.535
3.551
3.468
3.206
2.524
5.134
6.793
3.063
2.720
5.308
4.657
4.798
4.551
4.858
5.064
2.386
7.597
6.040
5.007
3.593
2.809
2.845
3.279
5.156
2.345
1.911
3.765
1.449
2.589
2.620
3.586
6.400
3.135
2.195
1.277
0.577
0.823
0.927
2.027
0.399
0.878
4.190
1.065
0.485
0.949
0.537
1.259
0.534
1.291
0.677
0.654
0.697
0.897
0.766
0.810
0.695
0.593
1.738
1.732
1.123
1.917
0.838
0.860
3.234
0.989
1.030
2.443
1.488
1.924
1.016
0.534
0.565
2.165
3.386
1.681
3.451
0.703
2.124
1.344
1.410
1.353
1.148
1.032
0.932
0.366
1.946
1.618
0.908
2.237
1.458
2.579
0.585
1.385
1.677
1.252
1.129
0.835
0.932
2.807
1.860
1.422
1.157
1.330
0.512
3.227
1.063
1.517
1.762
0.910
0.432
2.227
1.292
3.951
3.321
1.874
1.440
5.162
2.260
2.889
5.632
1.760
2.733
1.113
2.435
2.719
1.487
4.577
1.819
2.524
3.040
3.321
1.489
3.780
5.355
5.888
2.401
3.471
2.413
6.516
1.678
4.895
2.586
5.880
3.152
3.961
2.314
5.318
3.939
5.294
5.269
4.726
7.011
2.955
3.227
2.785
37.896
2.816
2.780
4.268
4.568
5.643
1.986
3.051
3.933
3.039
2.594
4.019
2.311
3.601
1.179
1.119
8.145
3.190
2.234
2.037
1.447
5.632
1.339
1.605
4.308
2.300
1.947
2.199
6.003
1.575
1.835
0.896
1.350
1.472
2.154
2.525
2.626
1.871
1.059
12.862
0.867
1.128
2.964
1.127
1.416
0.834
4.627
1.196
1.022
5.719
2.364
2.609
2.136
38.304
2.407
4.644
1.170
3.796
1.822
3.464
3.858
2.607
2.278
2.513
1.014
30.063
1.098
4.553
2.665
2.517
2.064
1.538
2.712
1.770
21.579
0.743
1.294
2.249
2.872
2.289
2.028
1.985
1.565
1.624
2.835
4.274
1.321
8.069
1.775
1.390
3.661
2.348
1.065
2.042
0.875
2.544
1.839
1.442
2.246
3.306
1.833
1.120
15.381
0.827
4.587
2.424
7.023
4.998
4.706
8.070
5.252
2.652
2.909
5.619
5.485
3.275
2.682
4.543
3.776
4.812
3.916
3.937
3.491
3.872
2.501
6.976
2.519
3.653
3.185
2.053
5.411
11.825
8.250
2.488
4.405
3.278
6.090
4.064
7.333
6.672
4.704
6.616
2.723
12.853
4.935
4.095
5.761
3.253
4.374
4.510
3.644
4.117
3.819
5.327
3.058
2.536
4.903
2.674
2.544
3.085
5.084
2.224
3.129
3.293
4.539
3.163
2.917
8.720
4.022
2.037
3.317
5.017
11.119
3.193
5.008
2.932
5.995
6.313
5.148
8.947
4.487
2.314
2.926
4.575
5.885
3.833
2.479
3.647
4.098
4.427
4.060
4.453
6.212
5.369
2.442
8.788
2.565
3.885
2.910
2.683
4.687
10.219
9.652
2.925
4.686
3.390
7.634
3.606
6.477
6.436
5.955
7.330
2.363
11.397
4.784
3.794
5.608
3.469
3.901
6.184
4.238
4.747
3.160
4.711
2.756
2.796
6.424
3.119
3.037
3.807
3.776
3.488
5.262
3.229
4.484
2.962
3.082
10.215
4.970
2.356
3.658
5.601
10.282
3.944
2.661
3.407
1.587
2.426
3.946
9.930
2.710
1.975
2.521
1.592
2.794
3.396
3.759
4.074
0.978
10.580
1.562
2.432
2.298
3.711
44.131
8.026
1.804
3.519
3.398
4.883
3.169
1.966
1.437
3.534
1.805
2.412
2.148
2.371
1.402
2.185
3.020
1.287
1.695
3.284
1.693
4.365
3.036
3.825
1.924
8.310
3.363
34.297
1.795
3.454
1.875
1.852
1.862
3.281
1.739
2.053
2.891
3.084
2.656
1.821
2.129
3.572
2.547
1.887
3.103
2.442
1.716
2.531
3.045
1.809
8.921
2.086
1.692
3.157
2.613
2.782
0.187
0.807
0.335
0.205
0.261
10.639
0.282
2.489
0.166
0.579
0.382
0.778
0.551
0.979
0.657
0.576
0.129
0.476
0.416
0.326
4.204
0.577
0.437
0.696
0.927
0.380
0.342
0.215
0.095
0.547
0.479
0.328
0.260
0.844
0.155
0.229
0.193
0.142
0.240
0.233
0.076
0.682
0.260
0.703
0.125
0.580
0.210
2.543
1.325
1.062
0.347
0.135
0.310
0.315
0.285
0.170
0.267
0.311
0.194
0.206
0.363
0.333
0.253
0.322
0.386
0.419
0.248
0.282
0.424
0.178
0.403
0.296
0.186
0.466
0.517
5.044
2.776
0.951
0.899
1.627
1.595
1.763
2.254
0.727
3.895
1.630
1.138
1.559
1.186
2.261
0.783
1.340
2.941
1.315
2.388
0.856
2.757
1.394
2.262
1.262
4.930
0.714
1.118
0.965
1.329
1.004
1.467
1.588
1.433
1.548
2.278
0.906
1.204
1.585
0.853
1.165
1.527
1.512
1.203
6.391
0.823
1.891
1.648
2.868
0.788
1.962
2.295
1.429
1.831
1.078
2.372
1.091
0.972
2.040
1.637
0.741
1.476
1.121
1.574
2.138
1.325
2.169
2.142
1.304
1.338
1.090
1.618
1.987
1.742
0.651



1.774
1.842
2.643
3.448
1.637
2.302
2.898
1.403
1.666
2.031
2.301
2.251
2.553
1.946
1.517
3.879
6.207
2.022
1.982
1.490
2.334
2.979
2.099
2.596
2.707
1.631
2.174
1.279
4.834
1.228
3.212
1.401
1.961
2.906
2.316
1.355
1.661
3.428
1.403
1.907
2.673
1.968
2.350
9.479
2.099
3.771
3.097
2.443
1.809
2.204
1.770
2.609
2.797
1.320
1.947
2.886
1.861
1.066
1.802
1.898
2.295
2.432
2.400
2.977
3.221
2.061
2.386
2.021
1.738
1.796
1.905
2.589
1.804
0.981
3.194
3.644
2.554
5.276
3.687
8.077
8.801
2.536
3.410
4.221
2.371
6.352
6.095
24.078
3.971
2.543
6.753
5.804
6.445
4.179
4.834
9.707
3.055
2.781
8.454
5.524
7.196
12.002
3.330
4.234
8.447
0.322
3.785
4.966
3.891
7.377
3.893
2.296
3.054
4.358
2.705
4.292
4.242
4.651
3.069
3.388
2.692
4.178
2.849
4.069
8.580
3.912
3.818
4.317
7.058
3.322
6.486
6.801
5.991
6.110
3.781
8.015
4.194
2.432
2.313
2.825
4.022
6.251
7.640
5.463
4.831
6.498
4.170
3.216
4.559
2.905
6.970
5.288
5.205
4.688
2.747
2.460
0.363
0.406
0.424
0.646
0.386
0.476
0.391
0.534
0.398
0.376
0.471
0.835
0.386
0.407
0.378
0.270
0.338
0.569
0.250
0.708
0.620
0.502
0.359
0.196
0.466
0.581
0.656
0.412
0.376
0.407
0.260
0.573
0.333
0.845
0.515
0.568
0.335
0.351
0.285
0.451
0.389
0.414
0.409
0.404
0.549
0.350
0.273
0.602
0.422
0.474
0.412
0.560
0.419
0.308
0.765
0.813
0.297
0.321
0.558
0.257
0.342
0.487
0.606
0.267
0.459
0.346
0.404
0.586
0.595
0.328
0.638
0.910
0.505
0.251
0.407
0.392
0.257
0.896
0.282
0.619
0.371
0.301
5.161
5.658
2.761
2.314
1.529
1.307
1.376
1.604
1.109
2.009
1.910
0.662
1.352
1.190
1.226
1.236
0.999
2.017
1.263
0.826
2.025
3.056
4.876
1.286
2.493
2.089
3.320
5.359
3.717
7.220
2.817
3.041
2.177
1.750
3.545
2.229
2.810
10.892
4.218
1.808
2.269
2.836
2.811
2.730
2.575
1.990
13.169
2.049
3.456
2.651
2.150
6.180
1.428
1.744
1.687
3.486
1.659
2.087
3.466
6.228
1.336
3.277
7.112
2.784
1.718
1.862
3.879
2.809
2.364
1.896
1.366
1.520
1.275
1.663
3.876
6.546
2.794
3.256
3.305
1.569
0.128
0.354
0.331
0.136
0.213
0.409
0.042
0.142
0.346
0.159
0.191
0.083
0.243
0.188
0.218
0.418
0.120
0.274
0.429
0.427
0.412
0.145
1.306
0.157
0.344
0.440
0.143
0.228
0.094
0.319
0.091
0.424
0.365
0.094
0.550
0.163
0.319
0.130
0.255
0.610
0.351
0.146
0.268
0.363
0.437
0.174
0.098
0.155
0.044
0.378
0.022
0.385
0.268
0.349
0.409
0.543
0.001
0.054
0.395
0.220
0.354
0.372
0.359
0.867
0.367
0.116
0.455
0.256
0.328
0.076
0.327
0.329
0.849
0.314
0.397
0.255
4.607
2.905
4.490
3.046
2.347
2.141
1.943
2.912
6.805
2.876
6.434
2.656
3.713
3.686
4.007
4.381
3.611
5.130
2.869
4.502
3.883
6.314
3.331
3.286
3.166
3.398
4.573
3.431
6.784
3.244
2.604
3.982
3.689
4.131
3.555
2.543
2.424
4.245
6.331
4.950
4.734


0.407
0.268
0.173
0.206
0.416
0.227
0.262
0.578
0.426
0.331
0.265
0.584
0.449
0.198
0.380
0.631
0.405
0.391
0.118
0.377
0.319
0.474
0.300
0.409
0.214
0.470
0.477
0.440
0.487
0.459
0.950
0.491
0.332
0.264
0.565
0.307
0.174
0.513
0.470
0.598
0.380
1.850
5.548
0.245
2.313
2.415
1.579
6.511
1.369
2.769
1.910
5.323
3.303
2.379
2.401
2.620
0.000
6.109
1.844
2.683
2.959
2.341
2.797
2.611
6.504
1.876
3.102
2.624
9.900
5.143
1.591
4.692
3.796
2.506
5.822
1.789
2.073
1.529
4.299
4.072
3.942
2.858
2.304
2.593
2.396
1.823
3.087
6.628
2.481
0.568
1.810
3.364
0.207
0.348
0.523
0.307
0.367
0.328
0.251
0.304
0.424
0.303
0.571
0.371
0.554
0.388
0.487
0.354
0.347
0.308
0.430
0.394
0.242
2.175
3.042
3.678
1.904
2.452
2.467
4.187
2.379
4.734
5.126
2.996
2.865
3.361
6.655
3.432
2.665
6.572
2.439
3.416
3.341
3.291
2.642
3.025
2.651
4.305
3.508
2.172
2.749
4.248
2.282
4.012
1.985
1.827
2.830
1.949
2.696
2.196
2.457
3.276
6.454
5.659
9.141
4.429
5.050
15.557
3.858
1.985
3.396
2.199
3.150
4.231
2.400
0.671
0.406
2.473
0.284
0.533
0.495
0.599
0.432
0.302
0.634
0.291
0.578
0.749
0.542
0.200
0.414
0.386
0.558
0.423
0.426
0.568
0.480
0.827
0.457
0.514
0.459
0.484
0.411
0.557
0.571
0.405
0.361
0.404
0.413
0.373
0.504
0.585
0.382
1.263
0.708
0.545
0.737
0.557
0.348
0.471
0.543
0.557
0.522
0.425
0.391
0.447
0.436


3.610
5.455
9.386
4.389
3.362
3.570
6.929
4.576
11.078
10.205
5.297
4.742
5.265
8.373
10.792
7.743
4.128
6.734
7.602
10.376
4.449
4.831
5.489
16.814
5.656
6.807
6.429
6.690
3.740
8.177
4.454
5.113
3.755
3.854
3.433
5.292
8.647
5.104
6.780
4.674
4.127
4.368
4.688
4.901
13.930
3.599
5.802
3.799
3.688
8.377
5.232
4.151
0.857
8.758
4.079
2.987
3.738
7.143
5.329
9.400
10.137
3.136
3.382
4.989
8.033
8.702
7.057
4.282
6.927
7.231
9.907
5.756
4.739
4.933
18.574
6.040
9.006
8.028
5.210
9.293
4.424
5.015
4.801
3.468
4.348
4.509
7.393
5.983
8.017
6.408
4.589
4.500
4.561
5.237
13.977
2.584
6.398
3.715
4.635
8.625
6.213
0.382
0.445
0.374
0.272
0.375
0.391
0.327
0.313
4.742
3.249
0.364
0.347
0.458
0.611
0.441
0.272
0.438
1.127
0.377
0.446
0.355
0.346
0.418
0.671
0.629
0.506
0.418
0.414
0.383
0.649
0.321
0.463
0.402
0.358
0.383
0.524
0.531
0.552
0.502
0.338
0.388
0.348
0.280
0.328
0.442
0.320
0.425
0.831
0.413
0.431
0.459
0.808
1.477
0.808
0.817
0.674
5.102
0.586
0.619
0.650
0.691
0.646
0.600
0.746
0.671
1.095
0.569
0.691
0.530
0.860
0.507
4.671
5.144
0.525
0.493
8.735
5.138
0.744
0.811
0.733
0.674
0.662
0.579
0.538
0.768
0.708
1.085
0.528
4.087
7.738
0.550
6.229
7.169
6.965
7.322
0.857
0.652
0.658
0.584
0.517
0.670
0.690
0.611
0.508
0.734
0.687
0.597
0.477
0.551
0.824
0.508
0.594
7.590
1.041
0.863
0.724
0.585
0.591
0.688
0.688
0.803
0.481
0.778
0.633
0.814
0.905
0.744
0.701
0.718
0.730
0.527
0.766
0.781
0.720
1.060
0.629
0.637
0.885
0.755
0.684
1.466
0.513
6.340
6.150
4.504
3.474
4.698
7.529
4.164
4.006
3.042
6.032
4.123
5.869
4.844
5.245
7.884
12.572
3.116
2.823
5.044
3.954
7.404
4.408
7.190
3.995
5.555
3.450
3.810
3.662
4.441
7.808
5.723
2.598
5.245
6.386
5.686
5.808
4.851
4.083
6.776
7.344
4.620
7.699
6.088
7.174
5.807
2.551

