(* Library holdings (# of books in each library), *)
(* collected by Christian Ayotte.                 *)
(* Labels not available.                          *)

12201
600778
14926
37863
14866
9896
8064
9047
3388
21625
8779
7150
9441
10993
7850
7445
276157
13902
13078
8658
22852
21803
17050
34419
3240
106000
8365
74343
55626
65248
15390
11693
8248
14566
11296
11300
17926
2199
42999
7842
28966
11068
2733
11538
29684
57448
11824
34681
10701
4000
13555
7685
6850
11500
46628
57232
21774
45531
8700
6520
10741
8458
43690
11735
18558
3213
4802
6500
4952
9255
4600
1050
7178
3817
991
14064
4200
4680
2566
4830
2781
5884
6564
1770
8150
1200
6274
9209
6730
9736
9577
54347
10750
17744
22453
15495
88085
23106
23881
14369
13288
13342
26620
138631
29630
6456
51633
15024
55406
6560
5269
11154
11754
14327
69097
13712
34644
41658
7411
11049
14406
39325
12748
16919
11355
18477
8413
10575
120267
30003
10964
10797
56317
54178
32269
4585
21266
16778
81866
23214
9286
36808
22391
60835
80181
15646
4595
15938
9427
18406
11948
5194
9703
25570
3379
55179
97155
28351
31501
13491
35222
48916
39503
48070
7462
4844
29115
34509
12115
68787
118471
38206
27880
54581
21749
84371
195148
39567
39269
33270
12361
30505
37559
63084
91828
24002
838199
79263
6795
36426
37444
7296
71540
39958
19368
202166
26299
45832
27269
6935
6544
43506
48289
49780
82463
12723
42096
19472
20769
25133
8079
15416
37707
6741
57895
16424
10223
9546
11191
17386
11239
14107
5074
30045
15093
24360
130751
48702
31434
3488
194374
29466
18207
19836
66204
64165
27097
7081
555157
15157
30990
13139
24089
20136
19702
19883
13268
41111
27591
15572
10690
9594
12098
75849
45096
31572
457317
548606
10524
13403
11173
8708
72595
24567
64146
73135
181323
42924
25447
80336
63823
9941
9803
20787
10975
37746
14269
13948
6840
6884
4669
7360
26544
12848
5750
20679
5903
11108
6066
6000
6012
3576
626802
323714
68950
256432
146451
113823
169210
167050
128452
125888
232511
137767
135473
141629
85552
154027
161829
94505
65116
109057
79587
39405
50078
80361
55431
85707
32564
66274
33645
41525
66650
305203
161068
105987
10600
28347
80294
89581
106637
97307
69884
15817
69033
47380
13431
60125
20692
62714
292561
289798
25450
76888
28834
516480
31116
26232
336551
553520
688918
1569039
684252
465367
21309
36489
188376
12027
364599
1287502
59218
11881
471204
238364
12650
39278
177256
50731
258261
13433
26111
13926
174283
4096
1010590
207224
153206
13719
134678
80796
451345
158548
292661
122653
433829
317077
46777
98397
324340
233170
280172
84372
58375
280458
86599
197680
415154
80902
99826
77408
101488
1109564
133059
94504
157165
50040
41198
122170
122775
331712
166878
229846
294739
1051127
260375
643741
75207
187754
70277
455137
62105
26859
460092
87357
996400
196968
89976
48381
17900
198899
135550
112096
973297
8146469
5765741
203094
369012
172779
140942
352997
123411
70083
95143
127276
333091
111953
161317
282374
162955
164321
176684
359139
1085403
256474
189563
2694942
276443
63836
329335
100272
122449
152913
237365
243647
51837
751950
50403
110969
73324
306248
83950
211363
210989
215493
415140
214747
1874695
215071
48086
116472
1045178
241439
100285
1286024
2897216
2165833
1574771
8717
241222
420249
107871
465719
306789
121846
349895
373602
296616
1373197
467184
80400
189748
356077
71841
66028
196297
56530
147957
485814
674819
122199
179161
619439
91451
756806
301785
143816
102494
558155
55000
1264321
96870
78826
140786
759378
120605
313134
74467
97324
417847
125323
114711
146474
22818
2350
91544
111580
99957
25943
65887
48414
298705
51729
67978
139051
42742
50198
54264
126575
961529
95825
19018
27362
171557
295000
6394
31157
439970
28746
425101
11292
30742
15060
23372
409740
129390
30360
15969
20156
48247
25086
44844
4669
6100
60947
10028
5595
2276148
19911
20605
425556
82522
153335
30979
119963
47560
19780
344330
42328
9000
142512
22237
75238
29726
7300
21486
5858
16200
14500
7117
17269
1036496
8338
8349
37012
11373
106853
11135
23525
46401
13267
19684
137449
240932
53882
131338
14603
11842
14711
10872
25314
266137
11250
74811
9644
4899
6840
15500
42420
9310
855590
87858
399240
17000
23502
13255
19275
60000
34564
65043
19000
55341
62329
4993
95848
11902
33393
32517
50000
13879
193071
46181
24750
14300
18235
20000
32105
89980
418997
53245
9883
10654
8561
10570
8864
8500
6119
6800
59885
16505
78417
19653
76626
7616
73846
84509
73846
35156
90477
24118
74111
41000
81050
17500
471705
29058
150210
60321
21285
35963
26935
10771
47352
12589
14680
52059
43777
35666
16658
61681
94836
364782
149940
23750
46940
40181
45956
26692
20842
15675
45459
46175
161197
60986
104773
56366
41834
32019
46177
118095
27080
8000
350837
108955
144501
16923
121289
2230
25200
59032
367915
61566
20377
21000
111549
42492
105517
22582
175724
407561
28668
41918
9200
57518
56280
37237
69578
9388
48170
23319
95301
170213
62942
30136
229841
50995
24735
175459
108091
69697
23185
15506
75205
236508
154765
46286
11000
35554
427510
112919
77392
89044
93197
27805
64859
21653
94117
43626
21600
247286
27545
104163
39951
59205
87247
29266
27801
59661
70025
91533
9009
53879
25834
20839
60510
23028
39062
37324
34047
106464
71784
31464
17670
29176
8811
51318
23480
137121
22400
136131
43856
85433
133255
107998
19620
31835
395754
17259
24104
150747
80651
50128
40802
52737
49001
151590
11800
54957
11704
188705
10081
35434
245801
103717
67858
39036
275154
154629
47898
190525
105242
17846
108951
50256
8491
57126
8821
112141
57073
49899
67343
68377
9785
18300
9103
14900
106339
49914
11802
12422
6814
16000
15177
2649693
13747
24682
20414
38431
42185
52699
25726
33094
32400
53022
24419
15467
268769
17042
33212
21936
19999
98736
93735
13560
544883
374808
163374
2127175
196964
1977768
152483
383160
765155
1180220
2109636
46225
38704
20650
154658
205290
456233
106674
51391
139875
53631
4215101
18232
84956
103898
90076
2254918
329783
269346
116111
60149
981948
65104
491763
347472
239881
166814
69064
113292
146344
47339
69292
577793
124294
255631
310155
800974
37729
510377
42098
763519
46303
106570
41214
217002
343205
166245
95892
1981430
23000
95358
146392
38978
69201
1520031
107897
251225
638913
11291
228857
20982
157544
59932
187243
77637
58670
454480
50675
179225
494290
674404
41155
241541
334263
308636
828747
140975
115007
139184
792744
247516
304337
69550
426194
2255387
271677
54886
689844
201325
65839
51920
202007
53952
141520
209916
106563
137347
193148
327267
93710
64845
563570
96768
85496
369573
199713
113880
85074
324068
96564
233702
152764
298254
94874
118249
182811
111704
34989
168195
171074
79650
3052053
60743
5964
39367
7631
18455
26554
30334
17955
28651
7758
71264
4947
7847
11031
9604
27016
15456
8552
7155
12089
26584
56679
7634
10203
427008
17386
8099
5493
1685
5377
41184
10805
18900
16293
16627
12549
47031
148096
10800
4841
26898
13677
4553
54437
35185
11189
8291
14073
182589
70868
7722
17528
16459
10413
21485
7948
56015
10478
9147
12842
38498
16791
12716
8539
7285
25736
136613
15216
5129
11127
23186
97321
44423
8542
11536
11227
13708
6075
9072
10498
32928
15977
6838
12854
7081
6074
53234
8682
14978
7651
24692
6662
6499
5605
10622
30037
11185
6960
54946
10532
10880
15074
10090
8580
7103
37068
19201
10781
18753
7916
11317
9097
12339
19673
37751
31690
9336
14038
17892
41963
6203
11727
14987
9349
6321
14554
24926
14843
16245
18938
15120
13005
12217
15343
6228
7758
10213
13051
34118
214862
37779
4670
60610
12996
107913
127996
37910
31556
8350
17330
28909
6926
70329
15052
18209
4811
69877
29062
60110
11237
1373
13838
6711
8038
9691
23567
17326
8594
2358
10895
21337
25386
18208
41411
30273
41535
7272
15547
15008
7688
13334
27023
6349
6774
66639
14655
12462
7672
3475
8121
5645
11305
7346
58115
5926
4058
19145
15263
7964
7587
14189
8627
88555
9837
8478
7300
6348
10447
9687
19921
102779
16372
46945
9176
11727
4513
200737
8237
6673
11945
50001
7920
23348
16542
8094
17365
18879
7880
5922
9681
4916
46053
11126
5795
18320
3761
22160
7489
6938
12136
5421
4880
41517
14430
8220
5064
15988
8154
6455
13944
15430
7449
11289
74268
9260
6577
6880
9852
20366
24452
5143
6787
18124
7030
18870
30269
4875
8101
9884
11887
5251
5686
6376
14720
21431
36634
10996
9696
10120
50744
5257
7873
22078
10101
27888
4555
13292
4066
4984
18622
6915
5858
4668
6082
7942
35985
10242
12023
8930
23359
20599
10442
8627
5691
6100
6050
12504
26134
8122
11238
16846
14427
19539
69399
105002
7935
23246
10560
13084
184861
11083
23268
42005
11153
25409
11274
52052
14794
25571
16677
7214
9406
13798
16815
16284
17667
12636
13148
8342
10698
21871
131563
253150
105618
6001
23712
33958
12222
13420
17408
10080
7024
9472
25524
12495
8499
11624
25529
20717
13995
265063
12012
2411
12299
5909
36558
13294
33068
22062
6347
10480
32066
5676
12765
12592
7980
6310
5860
46802
8015
7826
16709
25081
19481
8014
10137
32848
9290
6708
12999
59507
6655
8953
25968
10677
12056
6305
9246
10795
20911
43174
26083
13640
14455
6827
7006
6938
46098
7888
11423
7930
21926
24780
3660
9360
52795
34839
10140
10199
34032
6371
14792
31610
9648
11348
6443
11660
13669
11347
8409
7776
10761
30601
6013
10005
4072
19197
144141
26103
9217
9856
8435
32171
9896
102949
9795
20556
7840
21803
15204
15485
6077
8143
5390
17836
3638
20502
113136
25712
8389
32097
8813
11904
5919
7516
44100
8202
6408
13148
15490
26276
8946
6892
21552
6283
20643
16960
22048
13619
17308
42516
4585
5728
8563
6371
9184
10954
8155
2504
9115
13373
24000
11732
12840
8506
5447
13460
14000
19879
11708
4403
16757
4128
4909
10605
5758
9307
10093
15118
8847
6603
11274
3526
7434
8216
11656
39165
7109
9660
9130
11731
6777
2997
18241
3079
7636
5289
5614
8160
2716
8481
6351
14851
31544
20094
13067
3468
5550
16666
28486
39090
17412
329100
101303
7340
44642
74576
34407
5130
24611
39876
54204
89747
10423
14299
52572
5835
15826
23283
16044
40490
9976
36915
51933
11723
8351
14462
12052
21552
10174
12381
22074
19691
15366
9404
8731
27458
8514
11767
8963
210238
32252
15236
47550
88254
5021
88180
22877
8338
12224
29998
112593
83300
50413
31345
3018
11384
12845
45254
8005
101404
5725
7695
8205
12375
4823
45360
17648
40856
43470
110853
10820
12585
12943
36688
58402
9868
11790
9562
23763
8230
12440
44722
35161
12780
26073
82674
21725
17084
14500
25531
4823
136288
17536
12521
28000
35475
13234
12000
13355
128521
8200
8732
6845
21369
65534
100747
19483
437707
93617
137395
19869
15644
23053
11622
25724
17473
93003
13008
375454
20008
21630
6271
13505
15530
20837
17879
13355
16855
29132
412388
11884
28638
236884
11172
109980
130035
23148
79611
126902
99113
68258
17044
85947
40226
42789
12310
166179
33391
25660
97134
201041
83674
18475
8691
43006
12093
42679
29463
80901
25584
60941
69076
25921
15634
4926
26412
47304
125998
21216
33607
24999
29279
13971
69963
86829
30253
26475
31516
136928
22670
21300
17832
29889
74258
21974
20342
13964
8196
101505
14284
8731
195512
52670
48352
10461
13996
42992
36429
5763005
126349
56119
31941
9928
14793
14470
7273
48967
5007
25290
52321
9706
13756
68626
31722
255367
11338
9776
8389
17661
56562
25006
168330
6899
5808
20526
164318
131567
27782
279705
19807
171303
115162
12574
17216
217438
127358
7159
98099
7062
103426
10697
231997
104213
33366
22605
30472
20999
65136
17239
51925
53444
84767
68283
109985
169122
31216
29787
13707
235937
10947
8576
23141
267852
20269
76411
21115
20720
35490
460116
6871
61267
20488
34761
9834
51156
14439
25765
35052
57150
64341
76143
18084
12125
26678
47491
271539
81319
24064
88427
11779
147122
133765
105812
297177
22931
202419
21427
43517
127256
20301
17965
32817
19986
14506
26133
150066
81372
76623
263473
27990
19676
71757
131582
5423
127045
13455
69705
9449
16340
25541
17365
12040
23378
9909
36337
29734
30452
93446
36233
167535
5180
36257
23060
6177
33785
21610
40709
185435
51276
21691
47797
127942
38509
12082
107960
24956
143786
32863
106826
17635
219105
70529
96384
45948
43133
15567
373237
5983
35949
18870
105751
7897
55504
12261
21165
13786
4480
7867
92044
62847
23725
51216
115558
123843
16476
44342
17614
84077
46369
42699
12800
74875
16425
23531
24150
47207
164786
25255
5209
214029
4534
18073
58675
16941
16820
91634
16971
22463
13899
14179
61197
9192
26060
20215
24068
40267
14946
12315
39528
7805
14812
46505
59367
15490
27679
23252
12309
26599
20565
26290
13918
41846
20383
73594
55211
120475
8278
32923
14848
35454
54622
17470
11602
12370
14175
12662
26592
80703
168197
20493
80188
7547
48245
43809
7853
71751
126871
7285
8799
52527
17302
20135
29318
341046
20876
24777
199960
29230
11728
51279
32584
448259
17797
10090
15834
16819
14904
16167
105560
11027
10786
17868
216087
44965
18421
140366
22006
45613
53727
42093
208007
260785
73425
55613
295884
251795
17839
17872
54631
7968
22198
9310
4976
46376
12322
9798
33181
132977
116834
71750
294875
18530
56613
37171
27876
32832
181616
224622
5128
17883
15981
23019
12367
17130
126294
921771
33084
41475
41786
16695
13217
26465
6808
22975
78241
34267
17445
45698
357199
12092
60433
46455
24608
13861
92601
39158
147693
49502
11674
35637
8768
77133
33672
27917
35615
69882
29202
75541
46117
26033
36792
188178
469292
154237
14608
86189
12473
101342
28328
3515
24255
218167
19785
26216
29113
10805
34104
15193
500563
70008
18041
12684
48110
8623
22442
15382
12110
25055
12260
15381
49959
11805
7457
37306
405827
22857
24411
7938
92772
3847
32617
26281
23327
457229
15023
3607
19844
25532
37543
58992
59118
22610
16985
10168
78467
27236
38486
27116
56686
48418
37063
13774
20703
73268
131029
13568
21079
27625
12521
18797
11143
24673
27647
29779
16833
17595
25531
221913
36894
3475
9279
33373
9295
4759
235298
13865
10097
49399
104650
12909
21011
13705
23629
9822
89318
181663
72110
16979
50457
31363
11218
27789
84399
228361
12099
15002
13110
8254
19999
83704
37609
6980
97394
25513
101181
84709
18438
356120
14394
12271
35152
245950
30213
17522
14542
40849
27628
138429
12633
92588
55928
135253
93814
4465
43758
12809
9826
20730
9308
141623
110716
17446
10001
16731
53597
63851
14312
10159
1825
4802
31633
28248
52345
38871
36752
14656
17397
7702
7166
6770
14541
7907
3375
13813
15276
15973
5552
11616
12136
22687
5006
8482
12450
1819
9760
4132
12019
4627
7071
131029
43248
15003
79383
34627
26450
50746
36536
25572
62117
118385
18930
8941
59449
18844
43785
15024
23000
96405
87895
623714
130321
84186
119194
20893
136106
88722
225660
642469
288268
1071447
93894
197902
21100
16198
13912
258836
61763
22885
23694
15004
409954
154812
21757
50086
12255
28553
90335
364461
44837
54188
43466
130805
37143
33664
122263
28338
55648
26670
25383
97103
61173
21005
21257
38388
19706
528009
221735
64449
50668
24841
3028886
33862
66701
25810
27395
11503
15083
123273
10289
16497
86924
15555
86052
58861
53770
13024
80641
37435
76415
20667
6325
18500
14752
30917
20525
14500
63525
12565
31159
12578
183757
19744
24455
36756
17800
105048
12167
17079
12895
15207
123495
306863
12322
29640
19608
30922
28374
43856
29509
250000
18595
22981
114568
27251
248266
47657
55902
13424
85328
16877
48607
63898
53455
23089
315603
88900
32020
18736
136774
39429
10672
10193
20933
14582
5000
52530
172393
23587
17530
14367
15800
81266
78902
42585
306403
53673
7379
51389
21500
15000
25579
9727
44748
19096
29965
8736
28390
232613
33346
30794
21089
23338
20540
39084
81567
47380
375814
54613
14493
30298
61001
15108
125000
39728
41754
239597
30337
58818
25094
89664
250521
59669
302887
37866
116021
17415
90880
53170
21145
75513
123454
103509
296412
29792
75886
2062687
69673
143649
59498
100336
179298
52110
125799
162401
51388
75924
40189
222745
61474
26663
83357
88575
70713
21381
22342
18586
22805
44411
25815
15694
73005
37054
27976
34483
70788
12370
84018
86397
18437
3844
3352
4101
3236
3063
6238
9083
6490
5237
5509
8884
4756
2790
7722
5676
8163
4407
5456
9545
5592
3924
5234
5426
12004
6944
9761
6299
6152
14539
12951
8931
13092
11870
17014
11626
16139
17245
13450
18406
12904
12256
20734
28891
19345
27936
22494
27498
29004
40034
38872
102095
141832
245140
3071
6295
4247
6370
5514
4779
5261
4038
12235
8104
4169
8790
17986
8348
16539
11624
9738
40578
8505
14787
5571
33164
10901
19446
12948
19542
18581
20659
13860
19608
26206
41964
66199
124182
60855
85013
183472
8627
13589
3432
6063
15700
8213
7368
12415
14921
6620
10889
14482
6197
16354
11354
13139
13960
9973
8419
12081
19784
21433
19079
20767
20083
18588
37403
11248
37031
43838
11725
38908
9099
52485
77796
119267
213723
254100
540890
434920
1220181
7230
7224
3280
4983
3775
6757
7332
5239
8523
7572
14454
27118
20204
38503
16957
26139
31840
21513
43802
39564
6340
17262
6861
3264
9542
6551
3340
3844
8011
6513
4531
6423
6543
5050
14575
5042
7079
9985
7970
11982
5605
6670
4658
10065
15833
16421
8913
13248
4953
9307
11166
22200
11431
14662
16057
14969
15345
8784
28809
15085
17103
9935
10961
15923
16008
19351
20360
28700
42138
24700
33511
33440
32326
16174
33837
31546
39528
24023
32414
42281
42029
40728
59159
65619
63482
62577
46175
91537
274426
985647
4824
8804
4627
5013
12750
3362
7150
8335
8061
3866
8578
5194
8581
4359
5529
7792
9920
10478
5708
10269
6146
15344
6841
7970
5728
13683
9439
9382
12827
20228
31567
42955
15459
14810
20816
9294
17648
25717
22730
30269
17978
21831
20474
33573
43308
37348
44161
119004
59960
41239
65590
71833
59498
4180
5700
4246
5656
7408
7715
11779
24322
16670
12701
14918
5416
16720
18796
17808
16572
10000
33946
32128
15085
23088
22189
13314
22565
15058
34201
19411
23147
42722
27866
38692
36166
47677
69152
115072
145888
4474
7194
1672
5838
2457
2980
9153
38181
1543
14728
2660
7000
2150
41910
27408
56154
60054
20384
81324
234283
33719
123466
92116
34660
65147
121549
28206
20703
59199
146107
31097
43131
84221
75435
23688
23287
39765
24495
174460
31612
11111
25839
655660
34192
71754
92967
59912
34672
39731
58922
37942
23142
98867
35321
75286
98730
43733
32694
87731
32981
11498
89646
26308
1227486
60079
42863
386271
23506
41021
42156
62102
33812
32482
38210
118575
29404
24314
40709
33370
87451
43388
44875
111534
71127
39397
100098
26261
17899
56772
33799
28724
33812
29166
53623
17564
35577
62120
23397
27425
28250
45597
168789
19774
87170
24188
42577
47380
82514
52863
29518
26340
62045
20298
27068
20539
41958
134314
25145
35135
56161
45398
22748
43442
20332
23475
13488
91284
40222
19316
32150
59729
54374
53600
97254
67892
80869
53918
82906
80402
69480
70350
67132
52684
129680
66857
65596
86608
114615
85617
146209
168684
27595
80182
85957
60867
193135
73418
60181
132428
89093
71218
87656
34149
73494
164072
225485
118234
141490
184501
222395
113102
237354
222606
28317
188232
179004
247530
472528
279893
362322
304118
344315
689647
1505809
37211
865107
767490
55745
39561
83547
24318
40614
70504
21139
62107
98339
19506
39149
106931
804
70226
201014
214394
200130
74115
21058
14517
29368
46441
98647
80631
35913
57000
46030
23672
18050
87339
18383
40086
166388
17149
12060
14408
176221
96754
22656
10520
19683
7954358
53036
28442
61675
28112
103232
48133
118175
15452
149950
19363
325373
8027
79514
365555
88996
41264
47389
15932
29202
46675
116938
72382
7615
5579
92496
25909
9697
169130
53096
9983
237769
12792
7909
39406
125679
105691
92889
19145
14854
16442
24035
50303
70046
20468
27182
99731
46802
15786
57651
36760
39664
66668
31278
9344
10818
12017
138067
64976
177517
131816
164090
8197
88044
239435
74940
93680
8943
32745
3955
117426
6266
20830
64822
18775
8589
65568
50990
53098
27621
25815
27722
24569
2700
45377
43713
11791
47384
51049
25468
203399
13479
140036
9931
40452
63580
9462
54535
55270
27734
44196
10861
53689
27807
10778
82914
50977
23306
51668
10129
119375
39229
28799
68969
116751
6702
186785
3559
76024
67139
80639
158286
45779
33237
254751
57983
233432
43635
74016
104118
36227
113605
61879
27147
25775
50527
58774
160550
54755
109827
33372
31391
73156
80538
4942
36574
95680
37504
47469
7016
113412
1252
31570
36874
7807
1182
70802
37115
124380
129613
333835
12066
9107
6684
30794
85545
473630
47722
34012
92131
41885
16791
60116
233312
70903
38359
21135
48990
45223
82660
15258
22059
61378
55232
10066
33958
62902
27582
142569
23040
60219
52956
3872
19841
9450
161796
11300
29697
152608
20677
16382
27518
262770
62426
32839
109588
20530
52006
11607
14561
52399
44272
4724
26228
14238
4802
24792
117339
26653
4321
51460
70389
9489
72208
75478
82671
33053
15441
50477
28168
131699
9678
55989
166271
36428
27510
53968
60032
30948
47208
692389
26498
27774
77835
94610
39230
36565
86470
18572
29916
83466
62130
181613
18419
67717
31229
5135
49133
28837
20922
33080
6600
22392
40545
109745
11604
110236
142872
41144
82536
20361
9055
129275
73576
85294
221214
43679
8755
44320
52606
16164
48087
108556
7312
35994
79264
103359
96639
8293
37548
87154
36453
92519
142807
10603
42573
63274
29197
48327
88441
39737
109759
3422
83641
74194
698500
10016
45621
5097
11715
25213
45014
51851
28803
35841
14847
4250
11089
5880
9659
8713
26062
20561
7107
17929
16695
12500
19912
9552
12580
12786
6434
9640
84899
12514
81908
230105
1180736
3148976
1577004
131799
92372
552790
219449
198370
92870
393154
59535
751265
946475
61000
2534888
1958367
94769
176958
46638
105909
343259
138914
352993
5925
8916
4500
26710
10750
16736
15930
73303
53965
19498
12000
465515
29564
50740
35321
17980
59593
12584
31232
22060
13516
9310
45116
24035
5989
15233
11000
4750
8670
97538
12000
26683
10000
6650
27176
45608
11983
47123
37427
6604
2263
18576
14320
5110
9577
10534
18755
11860
13774
6904
41897
13486
29000
2812
12906
7120
23526
14950
27275
6808
24076
14100
34843
3047
7059
26289
39429
22897
26180
22888
43479
15547
21050
38694
7700
5742
19572
28547
9822
27866
20075
13700
25250
20741
6000
4985
5600
7800
28061
8000
11636
9719
38207
8956
14473
5089
19387
6966
33234
11800
34691
31893
10991
36339
107880
19234
12500
27392
36820
9895
26762
15100
13429
19049
13270
18052
38625
16300
11104
16400
11315
41545
19218
16228
8679
48336
7139
11561
28712
17301
9565
5200
12275
17000
30546
33223
20532
24152
37989
35897
13895
4991
33625
19475
6769
2100
10500
5447
15021
9062
10133
20450
18423
328138
74951
11710
17880
9636
37800
27618
37880
50081
10926
64920
32057
10628
54665
9702
8255
6000
8107
10563
36896
4000
18099
12883
98617
30324
16500
4700
10800
9996
8739
28000
24000
5875
10805
10300
58252
21900
26077
16259
14105
22136
26136
96881
12876
37891
9719
39431
31036
14518
18184
39292
40733
6977
13655
24305
32371
2492
43000
40985
6100
10620
8112
5900
8495
10056
3987
29725
21000
6538
13433
9305
18200
16043
10960
4500
14300
5855
14542
5350
2990
10745
13478
5449
7669
7522
10190
1578
5595
4330
1131
20000
35000
12970
10535
24000
5198
12345
3231
6017
18667
5630
6080
6200
4800
22400
20208
5000
3600
3055
7400
5800
10000
5823
3653
15100
3761
2260
5375
6655
3250
5500
45646
356772
26086
1505
49367
36124
68717
22836
138637
13483
258017
124839
15540
20000
11200
34427
100439
14000
16869
66915
39039
15987
6025
9900
68934
60337
206536
19691
101906
49421
42567
39101
66187
14860
36054
41330
10301
15000
165000
30182
13683
169625
13816
30924
72143
20635
37111
16761
55000
24801
58362
14216
26763
42185
28666
12815
83053
12460
12785
69335
16257
37860
14947
34983
58939
13506
18371
230730
15409
30612
17129
6997395
38549
85559
23639
40185
13000
18015
36232
67909
147104
24816
26200
13843
17266
13900
21549
71500
30015
22245
6288
237152
31564
24923
92025
12052
20199
422798
12000
30075
18292
15225
69782
14068
74762
20875
31730
61632
31066
681889
98366
29691
26478
56000
12500
243946
46763
1018927
32155
58120
161723
149246
27736
36503
52000
18280
21237
40222
22115
33662
49417
33726
53543
19391
20410
25200
223380
32107
47316
45614
16000
14675
14108
50070
16997
86718
54593
40825
47013
41371
87000
40229
64610
23567
96779
28528
72804
8387
402828
19833
46690
28245
32975
452961
24962
718025
17915
16000
15386
19128
103928
17350
33600
18540
34670
168549
22801
12037
78281
10502
282921
88135
4300
36215
19000
21533
10807
41295
153898
86104
13500
17238
96020
28747
10237
16118
21415
48601
101041
15683
29244
16705
21820
58202
25787
32014
44349
27929
20905
31888
466098
30107
13316
19005
127500
14273
22328
224760
26357
31070
44810
42564
114845
12122
31466
68350
23949
110471
89967
45713
37853
95654
6300
28150
61698
42795
18324
90889
48289
57232
25150
56990
25406
19152
130421
38987
30855
28307
16901
138288
97935
12000
41240
140283
22631
67792
12800
20306
25202
17402
21254
9660
22353
13800
21622
35982
29207
9349
65198
205063
78671
142115
105722
4636
20474
425011
63231
20887
32687
34655
18676
19870
15799
90083
33903
52792
12116
16480
23246
52174
46634
184318
56000
58538
22870
25567
381012
133477
22152
17400
208656
49997
14330
38000
17252
18091
22092
15025
46732
11150
29607
43295
26629
40698
27538
45825
7642
131482
219873
19672
156190
20374
11739
144952
29339
19373
15327
13500
48924
24757
37094
266578
5102
114753
8441
27372
743030
183774
26350
36063
11087
36984
23909
22166
11688
29903
176965
37272
25436
35441
15720
8300
225501
61292
18036
12862
94408
95000
102241
89322
26628
88250
4976
43508
43000
57538
28774
68912
84030
162722
49733
8941
17317
31901
24000
18051
429100
31720
7200
22791
15652
28951
4000
65875
20960
30201
14243
20910
22062
13147
6600
35200
60322
17460
13000
419720
30845
21186
14619
20699
65770
75990
27698
47079
10369
6858
3370
16873
16148
30756
28485
29156
84624
236229
825232
313100
578335
65354
182232
953751
82806
1688839
2911191
832154
965187
200873
426504
27619
75951
109206
592803
14322
15807
9146
36493
7318
80639
12888
23530
74639
50290
25514
25708
6780
10208
9695
33425
20379
70685
93604
11975
26175
18812
18796
75237
15356
14703
18990
13083
26346
33850
11925
8441
74128
129407
18143
23506
22484
58559
309459
13373
19655
20770
28534
21369
12867
111413
35615
20838
6250
82393
21967
31871
15368
109099
261757
204547
89946
16798
15456
13964
83006
21702
4785
51285
12376
19992
22774
16433
43725
35898
2822
8122
5995
12000
13436
7991
23300
36943
66274
16726
309334
13462
20042
26340
4185
37876
7238
10868
12569
22383
32361
46606
6729
17196
20870
30394
2738293
11973
34849
17135
15122
70117
18200
19298
1869170
65590
16226
36332
18123
16576
471559
24501
15250
21034
13409
9298
13212
22381
2851601
18292
371465
738325
2593435
159655
171760
152953
136630
73439
47644
52160
181943
60526
29433
100342
29420
52791
62110
30927
140194
47772
44632
40120
19122
39351
112840
138282
28425
60243
197797
34729
20016
57387
23945
29781
19839
71275
12293
33295
79332
22187
47273
53047
35302
10600
31015
16742
66678
25536
22276
62177
29313
69406
101653
26790
44416
73446
14037
37503
13897
17835
17909
34548
31799
13467
15522
27656
32152
29713
53940
40919
61331
29961
7801
30623
33640
12006
52467
16883
12832
17469
13727
50335
90830
25207
17466
42402
181961
36429
140255
14005
32242
82669
20660
35115
32269
9211
30983
25570
4102
140059
301247
12669
10873
47520
9655
16685
13288
12429
35372
61825
171723
23729
21970
21997
41387
17837
19307
44740
6542
65487
63294
10818

45634
16358
91847
40822
76372
276188
88371
116924
84446
47972
87563
489583
98242
20840
274265
138289
96040
38825
267350
525707
62600
56243
118138
177154
103550
48130
96108
163917
30693
35567
134539
285151
40133
174094
29708
66328
101029
126963
144841
63950
52648
72008
29871
111967
109633
264297
14020
48214
28802
20179
20409
21500
261838
27362
88847
12350
24000
95120
6500
20887
17928
21500
18350
21497
25141
35062
8982
19318
4300
16455
4100
6500
7180
16254
8600
48575
37400
36876
22487
139563
29610
29500
10887
10366
65106
116642
16171
10775
191080
15727
34231
38563
46431
24385
10999
46011
200000
7661
5900
12281
36431
41000
12500
17258
25891
15000
21030
21900
8700
21626
20676
61000
32320
12580
15000
17000
36437
8097
10343
10114
13062
14052
13142
17350
53637
6600
15255
37000
174964
203973
162256
131412
257733
260949
166299
168575
531916
172985
131473
234357
333776
125836
340130
58651
40306
104821
476003
108289
239273
128112
202977
134908
106871
614554
253777
68234
67273
471821
101400
756781
95562
61843
544890
61221
174387
134859
212558
170643
203425
127211
47391
113030
1607478
134913
401024
141532
93153
240765
49618
195359
139785
395069
199913
112370
92291
66192
106506
81973
181310
85716
1462851
122261
176361
141615
31540
115272
282414
64887
36969
54764
65638
47934
21602
16217
21964
51959
10650
15500
178657
25527
21000
29795
47256
10000
25000
29760
9321
14072
93456
31839
7000
8650
7468
17764
15045
141180
7255
8451
4000
7500
19000
2411
310516
34597
8600
1500
21635
7603
25605
10175
22900
19241
12935
20680
25188
4608
19400
8470
17352
4750
21874
4166
12462
25000
27500
10120
128212
10176
24858
13000
6300
10987
15400
31860
19753
9500
10000
17000
11259
7000
29200
26273
14491
8391
53096
26000
11648
48478
10582
3500
61000
54069
21801
2384
10000
11633
23511
17534
11022
13058
10777
16506
7469
7437
7612
11269
18313
21698
46669
7894
8800
5184
16333
20464
12366
91780
16567
4675
7954
114277
10919
19559
31590
9194
6274
17838
5649
25776
5590
5614
18510
10628
12240
13955
3797
11590
34457
7530
27023
10849
5441
6224
14062
5311
81396
33399
13723
12417
27738
6754
10507
13676
8337
12407
4519
13559
6573
5449
15845
10533
11704
18990
10524
3284
12160
27271
8958
9358
36638
9720
13942
83936
11472
14910
21126
8946
31597
12067
21047
115936
13322
7786
8628
14673
11233
17578
8885
143851
11847
6386
9200
9020
5689
60723
8542
16714
14402
7975
30822
78646
26484
4508
4083
30512
870344
5347
5346
10236
11250
8441
8744
45390
5158
5472
6587
14674
18788
3034
19392
14684
10008
14267
33967
21444
7569
13830
7500
75665
10399
6130
82885
5423
12203
26344
953719
24101
13684
17728
9993
11118
7469
14454
8467
930
7002
12012
7321
13059
10534
6680
18849
39075
7684
10263
9024
38
16665
9483
9102
3593
9245
11849
35906
8839
24276
61538
8295
26040
8384
13203
3649
43006
6120
3568
31107
8954
16346
12568
7708
8811
15312
7933
14260
15688
15118
5578
5643
9531
14779
14583
2090
9067
7141
27772
11575
7034
12420
7500
31415
12169
5993
10020
8403
12995
21972
12830
30299
15565
7304
7140
8874
1375
12471
17680
57109
8477
17903
5921
6766
6444
113
47402
19603
20313
6168
30419
4150
8708
17518
38807
45356
33685
7745
9851
7080
6052
4807
1969
4257
4807
5299
11227
7699
9122
5633
5900
5250
7992
3895
3359
2042
9354
6834
5415
6907
1086
2823
4460
13559
7775
11345
2418
7341
463
3880
10556
3128
4543
3345
7804
7689
31552
6902
18675
30070
13794
29791
50025
29299
52056
32598
6919
26938
6644
110763
13679
21098
39713
41453
49045
22032
16269
9849
12614
9223
13156
40238
71758
15648
18608
12273
9219
14662
303480
16583
10929
11157
30023
97748
7943
68778
7534
9529
24615
26822
12291
27323
182901
7012
18534
10552
11300
11261
5876
16284
37153
12229
12484
30317
31995
35906
22686
27742
22477
18693
13704
13917
8709
18807
22397
20217
41170
14555
11520
63394
15854
21020
18157
30939
25468
143712
21980
11921
28926
10775
77901
6344
27550
43665
110827
7176
15420
24612
22952
41307
15249
47626
5544
17113
498
4010
6049
13584
3465
7310
34709
7253
43959
7008
11591
30621
7237
24400
5171
17810
14717
7074
22777
18102
17979
4992
5259
9419
4982
14813
24458
22256
5413
9122
3809
17993
9319
11744
11059
13844
33744
8120
24133
19357
4050
55755
43356
9908
12367
21700
12305
24791
15819
23744
19768
12193
5280
11745
25199
22758
12002
58265
31132
29903
128045
35646
22212
10583
8955
20385
19324
13179
2862
87708
19419
99355
21299
11085
35369
14165
72244
2706
28978
20263
17330
11481
79546
16624
13518
15322
21071
12198
23534
7260
7834
32595
7784
34551
80378
1472
7118
16268
13087
17532
16159
4411
39961
60745
19184
15080
19273
73126
5686
38672
23036
11756
16387
8113
4541
11843
12013
7147
16319
17962
19686
38486
5715
7194
9750
3504
6611
2821
8192
5092
2640
5311
598016
18235
139235
39352
44966
27758
47320
159619
31692
35475
76039
55008
63081
28180
38694
30220
22829
70051
29129
123444
174364
22977
124895
75945
82597
87791
156658
26097
50408
28695
58788
26159
43973
29156
94104
47682
90570
62300
47643
46035
67732
91242
35425
24880
56542
40728
83030
48737
114804
42583
75256
52141
61809
122015
79759
48873
9006
131524
75274
131878
77744
67448
41588
49532
48108
49236
36343
61273
947259
24626
20666
49138
38986
26564
130956
39738
88866
38396
27235
20079
68767
478152
34057
30260
173769
155645
17122
66359
14915
46559
99001
47803
24759
123736
25154
26849
37560
26655
343998
124982
20303
150692
65504
56109
93750
97369
159658
38308
43247
396507
63752
40561
181306
210022
124777
106520
207161
1578590
85320
196133
51915
96993
63183
51075
153097
183531
67594
17933
34338
70586
20262
23826
40609
10763
67884
11590
73921
21453
53598
263632
53428
76527
364700
104260
216568
88691
73550
41678
70680
426287
46304
10525
10431
24247
17997
18842
17998
669560
280925
14126
22069
125623
413974
73655
19808
37670
209272
269262
66449
20539
78808
67793
35540
87826
78284
127794
170083
178484
152420
75781
96400
53827
141261
51563
49991
29641
393805
1486788
88478
116464
386
23866
35292
37718
36861
19234
24144
27031
39609
28592
76920
30806
193238
49957
85250
47690
21496
18196
38774
28696
37885
246239
43334
41705
93724
44994
65280
51023
70270
38299
43632
47353
61426
86287
130224
29462
41358
102628
189992
25157
42624
22280
79307
200748
53386
106898
95345
29576
123534
73880
56981
34647
943295
28946
25400
182986
16071
79289
50195
24957
144712
331946
40571
46882
47514
35432
194469
38351
41159
11265
46560
51313
42855
25679
723069
95096
115375
75827
81114
118284
45429
46196
59540
295979
62706
77383
62679
97165
444545
46549
35405
121418
34653
88946
50990
79830
209105
88589
52260
60829
79332
73041
136325
163217
144377
226437
20460
20334
37444
19017
100090
45529
17706
14194
12447
14986
16222
18767
13161
88693
1299166
48715
32500
32810
17757
53432
10009
17000
89386
64367
42042
31348
165195
18080
136346
20328
11951
96177
29017
11685
136566
60556
20794
148722
34090
53796
43042
46376
111582
159602
55695
252042
12307
52742
40569
7200
61512
55894
29786
9452
6301
9580
21462
4000
14000
24034
12
5263
9900
9832
6500
9000
6584
15040
1425
5500
13440
6594
9565
2400
15514
16500
12000
10411
3410
9000
13874
13863
10010
7565
7467
10668
7000
3500
6000
4300
5376
385
9193
6676
3000
1514
3103
500
2000
3000
5000
18280
12120
15600
66575
68912
40324
111251
155000
2118296
210838
63900
43559
93873
38496
112194
111176
25364
12371
13502
727090
33642
22743
40000
13993
20886
11322
7099406
2340853
18003
16526
20141
16144
184676
54497
20194
46997
23879
33297
20550
48851
95872
163669
22278
75999
14897
15551
62958
27788
33521
247918
64445
26850
15401
18504
10163
17205
17958
13727
112950
40605
20878
42917
24021
10815
13606
16798
15727
32892
11520
54892
13513
47244
16498
55025
19435
216170
11702
35507
22457
14584
11153
14453
11881
23961
43886
13280
18356
16158
13108
18300
17162
10118
21246
12093
8772
5854
11103
16719
16108
96058
5255
6128
26917
21804
8663
21837
30927
16687
92046
22044
52907
9899
10325
5625
13347
7067
24213
13182
22444
52544
61453
8387
5326
10936
8804
17060
84605
14862
8822
15745
8221
6567
5007
12766
22562
11012
23269
9908
18557
14476
12652
7518
13941
14748
5598
8007
20351
46437
31488
44409
105956
6707
11810
11795
10794
7112
9279
11601
17159
121384
16752
10649
15789
11056
9828
13512
21947
31011
5283
19439
11939
14035
27086
17525
44158
23575
163364
14039
14592
213827
8849
91423
26486
46347
8213
11588
131742
18629
15779
17178
29789
19833
91813
19559
19607
6466
7533
9036
10821
8331
35923
16040
10397
18996
9724
46898
22901
18021
7787
20042
16526
7689
16231
10998
8273
56220
13586
14224
13335
5259
70530
16788
14686
33883
15371
3870
11498
9869
13755
7206
10561
42396
15331
57505
45701
31485
41083
23416
21733
9973
35234
178234
45111
18826
17368
26095
8970
13127
16852
10628
41760
12658
22667
21383
18017
20465
12387
16731
14333
20662
24698
20688
28246
36993
22779
45525
41532
13624
83350
37075
35894
14356
17656
45529
10556
7541
20286
18747
39724
25701
20454
33198
50290
10519
15967
41082
52701
7886
44812
11145
20164
17025
19192
13711
7153
23221
51342
48514
52265
16245
27060
37007
14018
21699
54468
13396
16893
7714
20542
8546
32360
13920
51155
33503
12884
15395
6477
14338
133441
20667
170919
17623
25479
6639
62540
6492
40817
44786
15218
45686
30461
17046
9521
29953
18418
513607
18877
18809
16201
7034
159859
151074
47536
108174
186645
315942
76509
16882
206279
227949
86747
118328
217387
149149
139265
347074
212079
184191
255535
55414
43437
99999
42170
133451
293961
76076
133208
89490
59746
140654
250851
82148
90018
42549
86899
108754
101286
164051
81844
141359
280641
170514
177679
81646
164626
34210
78964
236062
115572
123058
126076
90206
95749
25792
108569
41097
23917
53646
48725
11485
14136
61340
123373
21040
20627
345880
168048
29628
38562
18056
25359
44894
22781
15315
54392
8989
7134
15255
6151
2999
10826
7195
10020
17511
9022
21507
3958
7676
3258
8291
4643
15172
7853
6609
15616
3022
5536
8200
6531
158722
4494
2927
10652
6781
14255
8283
14879
2495
8459
2960
28450
40728
7630
12054
9699
46481
7866
20537
22674
10970
45885
15062
8741
9774
17955
4954
15818
8850
10699
8474
72414
8053
10974
19380
69725
58358
3496
5329
10060
654729
80836
25335
49626
26069
20601
22548
31622
21145
22988
96110
39363
22973
25154
18139
30084
28058
13961
21249
23777
26084
27656
28599
21270
15604
13044
111747
60529
68348
16794
46860
103913
121398
97044
89285
72962
36466
118253
109874
82646
1170930
15647
30869
53600
97239
9274
9137
71426
20428
17325
71551
12118
11833
16907
21123
39172
38477
19929
9065
13307
45317
42437
22964
9521
10235
26125
25641
31759
14683
26517
23291
10103
14392
31345
11555
13311
26800
5710
9119334
47014
38875
14275
39515
35215
28912
150616
55797
18926
206850
15128
46846
26253
26445
48429
28643
60958
108627
132939
178035
93247
38353
19905
88935
13275
28284
239063
28537
130893
39799
21046
70670
45384
16835
18439
32348
22988
12794
31826
12215
10318
47671
19474
24369
9955
38878
54336
126363
19010
26887
15469
179720
11379
18497
33760
18375
8956
195431
20229
12056
16951
7575
16319
11216
12914
13527
11442
29671
26916
31212
17397
12334
36515
109189
62418
87593
89842
189416
297857
36354
187227
30326
5595
94996
403112
132365
58505
146423
130206
34675
110340
338149
71636
159314
22760
107598
35198
58870
268315
170882
280670
147948
227911
49981
292897
27675
131473
256649
430629
144097
148898
23911
147335
39503
115799
186474
32111
228916
108767
334973
113932
33523
87484
187254
44999
66844
271567
10922
12294
26641
166033
137132
119123
8116
20371
13680
36144
17691
10393
9284
14680
54214
10015
18019
17040
14312
18870
6742
8407
146833
8436
25809
42918
44627
76189
41703
42735
26402
76675
117378
76442
41000
95793
144932
122489
56269
46756
64870
101817
98102
50188
64599
645777
277283
31724
120258
99989
32646
131197
87112
45780
9818
68090
147241
61272
43080
95025
51946
327746
397286
124391
329269
14444
11786
39480
19386559
23440
102993
15282
84534
2415
10646
15965
19410
5724
7319
5565
5211
9673
5484
14141
20279
18809
49742
18335
7905
19234
1275451
52087
10270
153106
61622
27647
54316
31200
120669
29764
140909
41750
24220
90338
111189
60813
424650
64455
20415
140178
66820
21258
205940
61071
36615
32651
39457
153843
33789
50038
120183
50576
73659
68655
43653
128202
51352
660349
28887
45654
78414
112439
28282
349628
448667
22092
166857
4977386
131948
3036081
2949082
340403
33847
53108
47109
2419952
49605
119912
52857
71180
193544
2025980
119028
157637
75872
52631
43001
48818
93120
7039
191264
92397
42300
157196
98634
340206
234823
35167
22053
247032
14486
20677
76569
134208
158633
98637
106081
247722
96988
80203
74840
23860
63783
165115
62110
15486
87055
290371
554964
151614
32344
32407
64755
98715
48685
167566
45115
57385
179537
55570
42504
71499
65597
309273
250325
138080
27016
28292
18529
361826
82020
147767
42409
496154
54621
122740
105939
103164
488704
208416
250260
193351
82394
113902
171298
47981
55291
60890
40259
521748
209739
35781
286900
95590
147131
72672
20830
44684
86393
30395
29457
179257
22245
136267
266458
60374
112368
38808
47281
152684
13023
346087
41775
43306
70864
46104
96060
79577
33327
25613
126153
139791
67054
60500
131037
157553
73801
67878
48051
28457
53228
101156
103143
108806
58043
113421
88097
225879
97154
76227
51673
30656
19838
123794
84329
33173
65729
213787
241629
32361
69821
143016
399605
55186
60436
45604
188552
113545
98901
32889
31225
105441
90422
2469168
210000
134522
400040
27496
89169
160336
65150
37360
154915
161123
368387
69461
35476
89005
51337
64856
49044
33795
34983
52639
53418
309550
154390
52908
100148
85902
217377
68229
55643
352002
434899
506405
782736
6714
306684
51186
57603
58359
30123
17301
73704
198477
10687
101346
11448
33068
10978
28854
8255
4108
7461
10090
8193
15379
53779
9222
227917
26773
5528
52650
9978
8430
65583
64839
63782
43766
90115
17426
29542
13203
7433
12936
29478
28574
21301
25110
5888
25973
20566
12025
17908
9814
32432
13210
98131
9909
7139
16264
10675
15375
13672
11905
297728
10171
44964
8244
390959
19283
20112
319352
23122
6003
923250
71229
36338
26947
10687
12244
28952
82756
14490
41001
9764
53588
8238
32583
8713
17594
12369
17281
1306660
28131
17640
10624
31708
6943
7638
15830
26918
38981
13806
14793
33740
25710
3951
10171
3725
95956
96102
3594
3313
3596
11471
10375
11215
8700
19307
28057
321988
64044
87710
3975
45395
32075
15500
166939
21955
5245
40138
229898
64469
26244
12814
69784
34193
9782
20466
153255
51122
144021
23412
53021
13259
34003
79000
8555
22053
43582
5075
73850
5615
490752
34402
85477
33445
59900
108034
29290
8985
31527
58177
71895
91222
25420
17800
83423
92122
27000
49842
5876
20260
1520729
17842
39374
8349
309311
339388
37420
31422
9134
34310
30190
58105
150950
223581
42076
7444
40738
40125
60278
93123
134822
37724
47045
327962
12621
13200
15720
29038
13230
19104
6000
68296
7428
27618
63872
68287
118069
49483
17777
30000
42064
21479
5603
109479
4149
31072
38504
20247
263151
37343
61896
9695
19232
12520
13994
14500
136270
147389
12436
12938
21385
22907
28005
12061
16927
10707
12805
8000
22619
57590
12412
92071
33809
66008
17540
19645
39623
18189
25302
125183
8995
48474
10567
20066
31185
90154
7554
13923
28748
84788
18803
32270
25418
28717
19101
25568
38504
30038
26757
108757
94551
48035
151091
17688
24897
76515
95018
1997508
40522
162869
103447
54339
30495
17128
93456
68013
35952
51041
82330
112865
17506
25718
19782
53895
12845
42329
131831
34329
36881
29889
21304
59773
27815
14355
20532
18419
12822
48996
11556
49316
32202
25667
13488
10530
19270
12078
156095
11300
40069
12286
19557
17167
24853
47015
32702
30081
38472
18547
17746
40137
87072
54159
74044
53810
43411
118458
52026
108750
18669
23820
58942
17227
23759
12556
18876
34897
38305
12054
37291
43739
25157
21822
23683
14036
8119
9646
19489
12297
12860
145878
7333
28341
10326
14936
28639
9534
29304
12420
27871
102130
31540
39794
17411
18692
16487
44720
54291
13230
16647
21720
20286
30176
9193
6422
18560
12665
178263
112935
49813
100798
123421
30605
79794
49504
88063
16643
142845
77353
28538
17814
72001
48721
35395
30873
25010
109872
152151
9806
43278
68501
312171
47982
21049
28206
41224
37550
44597
29590
13362
19447
15752
17849
296037
16156
9934
21742
12480
6947
24486
86521
100536
66347
26053
59453
34101
52480
82912
299068
29482
12826
36682
33397
18670
30835
26109
23251
37569
23631
17876
42227
63590
61921
78044
17885
29243
23125
6392
22507
32702
58090
11224
12561
19083
13408
146583
14608
23624
16764
13334
12892
10585
14615
35148
10534
66891
146506
96303
25599
49027
14516
41581
19871
237702
32235
30565
60443
18819
24601
20222
212432
25288
79339
8475
30892
22247
45286
54034
147935
34928
28787
200835
180145
46583
54071
40512
56756
22069
21801
32849
219465
16779
30051
84943
36486
29735
61655
96718
799918
51696
19404
16532
83832
10585
67425
106809
19689
146933
102711
24608
39254
57640
42099
49472
494404
72935
101170
80318
111533
59355
8109
254398
44031
21102
44031
23542
58092
33096
32333
22818
51072
17691
116007
40311
16204
16917
34390
48179
22110
32558
15779
11571
16184
115282
53583
24172
45675
39596
41676
41993
19593
14207
108375
18497
74171
16337
100584
41208
21171
103808
35970
4900730
29844
43364
18883
18529
31365
35068
27234
29737
72520
12279
36188
19767
33443
14008
13204
86885
28455
9399
39904
10671
11756
29575
14943
35889
55634
67384
19287
66811
10259
499551
17286
8530
14870
20519
23152
17399
15780
39410
84969
24772
17279
14186
32568
15729
24111
134324
386461
67036
53100
104144
95010
26324
55234
12156
19749
20440
10359
7629
7305
11110
19268
45669
31678
25968
13241
15945
11765
9088
27489
15945
21518
17248
31064
20090
14795
89946
5214
10625
29172
9901
4763
7715
11643
20771
17690
10987
210989
14476
10052
11128
15026
18319
18789
8321
23158
12539
15097
9104
40697
14485
53573
105360
45907
21889
19838
6643
3147
6161

127109
50055
44264
29767
40179
30108
80094
10171
292299
87329
56226
189339
17191
14479
38999
26043
21136
29902
42141
80598
87207
25572
72624
88252
21276
126551
94412
11660
132027
38819
183203
52649
875776
23800
27745
33893
50422
62292
69642
42899
25901
203036
19425
18879
93972
195623
110346
13902
144840
190781
63473
340735
163514
132916
26962
79190
1084483
101481
78240
72936
35014
93512
148737
78823
125727
75438
243291
124752
783492
252119
125037
123958
109590
28793
437429
27840
72582
54440
193283
112507
119308
1160111
782736
165722
54080
45877
247235
57876
19947
5200
16942
32901
85030
32150
23150
4077
21688
26000
11992
26226
11357
12279
4125
9239
49088
3030
14700
10800
7316
85016
12047
62545
22059
63046
6569
6484
6821
20922
5650
11980
7700
52008
24525
8086
23840
17057
10612
8062
30
15127
7102
11101
28955
14086
14605
83771
14780
11515
26561
8543
13955
7050
18616
17391
9294
5973
6125
101670
8268
17172
1689
16010
19480
7500
15834
17312
4500
2574
27446
12000
61621
9389
18289
20042
14750
12485
2626
20030
9100
33795
17429
14667
39059
8236
29500
140651
20553
39428
17609
22536
23563
5206
18371
5450
17595
14562
46638
39805
9753
12146
17690
7862
15495
10598
21228
5092
11200
8963
7290
401109
17000
12603
11468
6263
840
14251
4300
3808
2369
39771
6000
20147
3579
15000
38652
28655
43576
20625
80885
18747
22180
136842
90241
39808
39590
14240
23591
14129
19751
17318
8088
34577
5657
6805
18915
12532
15826
49636
8166
20309
29925
16809
24819
29295
12838
13350
41600
12442
22421
15612
12117
33660
19337
33808
99843
18020
31422
19436
20324
49120
122887
54079
36225
63943
54401
38476
34274
21438
186114
23907
53621
114691
127266
25231
19462
8519
45505
114350
12611
20046
21177
70112
22530
28802
35998
20220
25944
26041
41592
42150
77676
17516
54632
18730
18565
14467
42646
32309
26716
36744
18255
120167
19448
9878
26813
24670
22064
8000
86899
31613
13728
56667
18133
43864
165466
34889
14431
16330
28372
47152
31272
46121
64329
128926
115520
18376
35910
16743
1116062
889395
1758592
1443716
7976
33216
12415
42967
12166
31495
12088
9296
8893
16837
44548
9927
4673
7745
13270
2569
4121
8632
7284
7246
7634
3233
9042
11675
15882
7749
19785
5399
7427
7197
3307
13273
7995
5814
12834
7127
3825
6262
12387
2381
7826
2939
4319
3438
3954
4830
4814
11936
2582
7515
7089
9076
6512
5654
6611
6874
14757
8247
10583
6757
5978
8915
4619
11007
12550
20057
12130
97653
2257030
26635
9094
35612
58804
65243
15486
100867
162674
65700
34675
26000
23518
52623
20836
41145
14375
59967
72748
17131
535536
19851
15573
12154
87625
22654
623121
13879
16103
25211
17775
19500
28073
89132
24875
55715
92239
18623
12812
10911
26850
25097
28300
25554
68204
1103927
43369
78156
22454
64279
210103
19280
432520
34440
57000
73423
23181
81013
30435
27133
408451
38138
43303
164097
16000
91981
54302
19806
40600
13060
9045
13759
8522
14803
73881
14011
24771
147954
12810
13628
53791
46943
94911
25260
70926
37115
39259
32413
15855
16501
2850979
37493
1360951
36750
69691
115983
13500
37058
17620
14371
566928
195046
1361572
23858
30093
22080
11594
21340
18571
47228
63671
40254
8800
19392
30211
142750
33028
92521
59602
14432
10099
19274
19800
18000
19526
57249
13587
20343
23266
36277
23124
166433
156391
14000
46948
43289
135377
34557
11126
21140
46488
38782
127655
29936
23049
348930
59369
28016
12407
30258
31199
48944
20799
44650
66024
13000
12533
11229
18544
18500
72855
14372
22095
11290
14308
33648
161909
35659
246749
37118
44759
81343
48564
27353
13874
25016
27760
17206
21524
13654
77250
29777
74787
54571
39757
17380
77167
17088
134063
7970
118751
201520
31400
70842
30402
9200
32912
67538
68553
43483
105133
32998
327442
223671
26150
47257
10919
75250
14371
17873
28985
32000
89406
45823
604667
27629
17867
137924
33500
112997
58744
42399
10670
35576
14100
23939
9726
20771
57158
19846
204975
37130
490227
65199
24000
35025
27516
8558
28904
44043
46500
15417
26370
119883
28075
304428
1935036
16514
36146
117941
11677
26594
22762
23910
36521
28470
60552
45210
13100
32435
19707
13408
8649
105001
41868
13018
8500
32018
62016
15775
56830
10303
22031
13310
38317
18378
50000
50605
14758
11500
36193
30508
118930
61748
85707
137460
53104
23360
36762
28865
183422
57253
34606
14875
40000
127000
34151
272710
37348
23364
102658
79779
17262
24916
69182
86358
26601
57454
64205
25321
21027
137769
10843
15793
38269
24880
23394
14975
26000
19933
25923
20264
15319
35478
20137
57975
85313
85630
12250
21935
9533
20426
29084
47038
56785
26872
24995
9436
17085
28546
19077
9810
38407
50069
12185
27535
23750
14830
20216
42995
19500
8612
11143
12200
15710
9374
20004
32320
14655
8322
32125
11000
1990
19369
17885
39700
22435
55851
19728
13674
6820
11033
10827
187971
11826
14756
105612
81050
210777
14110
27380
44931
88417
17982
35146
37864
107532
36825
40201
21849
18200
219374
39396
11137
62583
14640
32750
11604
16327
16000
26954
28800
7847
45300
36012
10028
24803
38005
34898
24675
19290
29424
396545
50912
388882
26822
568875
55655
16143
31943
40651
28968
13314
9001
26009
18215
32455
23029
16193
15651
18000
10650
8187
22453
13426
20300
14910
16042
9748
23600
16605
18684
12900
12574
22602
9073
12375
10012
14844
17144
33852
10944
7560
7500
19165
11720
12635
17952
10780
9385
13439
10801
18439
14450
7500
7374
17108
16559
15000
16083
15552
8600
33677
15464
28213
7284
12800
13058
323858
3407
3407
36540
57883
12747
14725
40267
21342
8687
13055
9442
14584
9623
22185
16383
39077
5000
25950
9800
12375
24982
4414
18150
4496
37000
14532
5780
11325
50000
18095
10200
19680
12000
7115
12600
9399
31300
14854
8883
10288
8511
4559
14300
12086
8623
13615
19030
8686
14050
9712
14659
9173
7262
15798
5600
7409
9385
32181
45410
11443
7387
50000
7698
9845
7800
9029
17000
13590
6957
7670
22000
6678
8000
7586
9627
7750
32337
17136
17761
9980
37378
52315
8646
22681
23916
38623
21706
131794
17100
24677
25385
13686
48315
23763
408748
50033
62648
167932
59761
31090
20378
49256
30672
21385
22123
37005
22051
32337
26976
22789
27896
37005
22243
37273
24965
13155
18339
21804
21385
9552
28349
11127
72077
641496
1666595
58906
57968
42190
42000
52623
92824
40126
95126
42997
211967
31223
54989
179929
13394
46543
71480
157910
34830
21304
378170
31341
14944
4500
513645
46036
30609
164354
476249
163273
171312
261699
90146
119906
97910
167042
42038
348689
49137
29160
656696
758631
40504
48767
64315
14278
127484
120432
23881
2527676
146147
40490
84688
67684
63744
114457
275746
182849
650032
62191
12905
27700
468462
38892
54172
448042
389357
148917
26166
96811
29502
79544
33898
175671
30370
427454
1099306
29532
96607
381067
39924
149465
98122
43274
298277
26494
855000
66372
69258
24801
843392
334916
353988
160952
199238
42552
103227
80216
72050
109306
89485
154258
154591
83018
817495
222899
113702
172384
297057
124897
128909
27748
45646
46225
191895
10446
19795
5683
12894
8525
6406
44451
17000
26425
55523
16766
2000
9000
16360
18250
72558
7464
14043
4600
3817
5134
113484
6500
6874
12000
17318
7244
11952
9218
12226
2160
33778
8820
800
10419
23604
11436
11284
20000
14823
16004
13081
24972
61403
30490
11351
15707
12879
6017
10000
5671
31048
6913
9525
6480
486
2703
3750
8650
13706
5000
16257
2000
11000
11692
3869
3289
7926
8500
13752
17000
4300
27728
10600
42396
24759
23500
7261
58060
7500
19952
3244
4058
58366
17339
9926
10600
10898
16509
15963
15432
20948
8333
22527
10250
9839
8643
5800
13070
8000
3000
5100
14021
21000
13775
11459
21833
7984
16000
11248
14884
14805
39000
5000
8117
4019
93479
300
5807
28222
40936
5067
21662
5881
16145
10788
8770
33796
13797
40223
10060
2958
21523
8000
16955
11777
19299
6545
4385
11590
6997
8366
28667
9000
8871
7120
20652
6301
7674
5615
21652
7827
6624
8449
2500
4554
5720
10443
4552
4615
8500
4900
7450
11477
26676
8895
1000
21884
6400
15117
11400
5494
38497
7735
16609
8770
3300
9425
4337
896
20000
4930
4140
12324
18389
3439
8466
10300
5115
36106
16000
17219
44000
12564
10250
29000
17391
7207
10247
14519
16239
24500
14000
5500
8925
16938
17997
3814
2000
12173
18941
23005
32887
42224
67582
57501
56975
57302
52701
40316
54254
38320
69924
37615
43026
53164
112986
41674
46415
66177
300761
349697
200323
207938
171132
133724
102043
234858
686104
3143101
442045
460290
538886
935178
1901917
1232018
370736
576998
2123062
1065804
541140
5265
60000
13757
23835
11777
27249
14948
34023
59719
16702
56103
292054
13535
3706
10754
29746
17077
20889
12820
58924
8258
31236
14108
101852
18689
11758
132217
6780
45489
12759
15249
26634
6740
6676
21738
16362
8992
7324
32946
36672
142503
70732
18930
62685
20709
9331
7441
20237
7874
18594
12518
24349
69957
6331
13754
43548
96936
8519
22619
51577
4915
14372
8401
34678
9765
15240
29919
20943
76107
17102
12028
27186
9660
15520
53695
55788
51699
13000
6591
47378
29010
36694
21745
223753
26095
13756
45846
15359
32218
11155
16695
13555
25373
10491
13357
25237
174317
22213
72291
13390
67300
12425
11547
15541
5833
12769
78659
6574
126851
8944
15794
430168
24405
74211
99014
19273
43515
15620
5982
104140
53471
28680
5160
29400
26899
14940
49055
9593
12276
16029
235893
43022
18016
29116
60463
11993
308003
9100
21022
33178
36019
88701
5930
31414
10872
17077
252712
35041
13361
37438
30554
31288
14818
12604
4649
5974
4262
17950
4453
15700
9530
812655
17806
210850
20494
12879
22347
118661
32429
46333
15338
37691
9845
104634
108563
44008
123269
11207
67443
11108
28919
2537555
19097
23105
23025
58099
75991
10580
3357
25887
32915
12058
96591
8918
140080
24409
29358
10715
120478
20624
36877
26545
45579
38226
20405
3504
33217
76732
16947
92874
24557
14886
13895
21115
12493
22612
54252
14007
15300
271709
15534
18807
9551
6028
22676
35647
10843
43491
9833
19213
9387
7819
15154
43682
11398
63504
55546
59041
10461
17288
30113
36316
21961
10244
11562
254659
24500
28831
12701
57403
89197
13738
46953
63960
19739
57169
67224
13657
12675
4181
67173
32483
26279
17021
128367
290733
44931
14284
11499
40253
6299
22949
14246
13234
132626
51457
30149
22190
15471
24565
14299
171231
79117
10365
129404
46175
81893
112771
19529
21993
17459
45003
53398
14428
11675
67402
36191
44370
22324
14152
35028
7166
19807
19699
32064
25741
87685
272308
51970
68269
53375
349358
14984
225586
208101
148066
8759
13248
11245
19203
55267
14176
61316
10770
24739
14013
11663
27770
6140
39654
104266
9486
15000
10388
8986
23341
21658
17550
9557
20273
28803
10157
23199
11514
10040
13251
64037
9543
5326
13965
19530
138725
14323
23793
154138
78963
67071
24180
15010
9001
10552
29480
19925
6011
9381
15204
72133
5653
17201
19625
13787
7609
14525
12194
9600
31196
5523
6764
7231
9050
7049
6082
190863
109723
95027
365923
28110
37095
85590
62473
503414
19991
79356
46971
18949
18188
34465
37416
17679
208440
24440
52228
152727
36914
51538
85147
14949
35040
26435
37098
4712
9905
13956
25700
21091
6439
14800
14250
10154
66512
85015
7695
29279
14974
28549
51101
19967
69258
22750
36551
58894
22375
131500
19780
8211
16210
23125
18610
108077
106410
6245
32893
11532
12400
22084
10190
122898
19052
9386
96855
51711
78640
89160
101615
19020
36279
107699
63243
42973
12836
30237
23276
23000
14740
22736
21554
53790
18716
19312
35388
22739
26864
28924
31068
64202
17229
19687
18712
29550
117749
211649
161578
230322
136957
57101
141528
201469
207738
105785
100212
50232
74193
34742
44109
56965
120673
32119
65015
73548
89536
60367
46756
